0
1
6
1
2
10
HyperbolicTangent
10
HyperbolicTangent
0.592608
-1.70251
-0.919034
-0.559893
-0.978851
1.94116
-0.724326
1.73693
-1.2855
1.43028
-1.86059
-1.9657
0.507035
-0.0564592
-0.908048
1.20872
-1.63414
-0.207953
0.560625
1.89306
0.643513
1.16245
0.253121
-1.8385
1.52562
-1.72655
-0.81283
1.94031
-1.70141
-1.92798
-1.89746
0.26899
0.0639058
0.592486
0.88229
-0.459792
-0.479446
-1.89416
1.60521
-1.16037
1.4453
0.183538
1.85717
0.512772
-0.509232
1.79785
-1.07492
0.0833155
-1.0687
1.58947
-0.501053
-0.35139
0.977142
-0.57796
-0.494949
-1.124
-1.71545
0.351634
0.699545
-0.274361
1.28721
-1.86547
0.643147
-0.97409
0.970916
1.40049
-1.31663
1.02402
-0.279122
-0.387036
-1.42833
0.0390027
-0.13715
-0.0538957
-1.66466
1.34178
1.5244
0.197821
0.0353404
-1.61522
-0.557207
0.869228
-1.97082
-1.489
-1.6577
1.53246
-1.63097
-0.738365
0.506546
0.61153
-0.0443739
-0.587115
1.17185
-0.295724
-1.92383
-1.13755
1.36546
-0.43379
0.950163
-0.506302
1.81469
0.885342
-0.0933256
1.1406
-0.44966
0.969207
-0.178411
0.780114
-1.16855
-0.527543
-1.56481
1.07517
-1.98547
0.288522
1.18003
0.395093
-0.00604266
-1.27146
0.139225
-1.56334
-0.163274
1.11667
-0.235054
1.57335
1.23862
1.92273
1.97729
-1.9469
-0.575762
1.55968
1.27329
-0.822962
-1.88086
1.9707
-1.53331
0.57503
-1.78417
-0.871548
-0.312449
-0.2884
1.76073
1.57628
1.26255
-0.258858
0.88583
-1.87036
-0.895596
-0.159124
-0.68807
-0.128849
-0.765465
-1.85559
0.0458388
-0.444411
0.0619526
-0.596881
-1.10141
1.55638
-0.953581
1.49754
1.44908
1.47545
-1.63146
0.926603
-0.923185
0.541826
-1.76684
-0.602008
1.6925
1.92541
0.430616
-0.355052
-1.21433
-1.91223
-1.22019
0.594684
-1.57921
0.299875
-0.919156
0.0133671
-0.198798
-0.554521
1.19883
-1.24717
1.02939
1.2418
1.90649
-1.27647
1.68834
0.99704
-0.891202
